
Explained Variance Ratios
[ 0.32985467  0.29521084  0.16782185  0.16026774  0.0468449 ]
Explained Variance Pecentage
[ 32.98546743  29.5210839   16.7821847   16.02677412   4.68448985]
Principal components
[[ 0.33576104  0.70590447  0.33624024  0.13205241 -0.50839755]
 [-0.83299436  0.09766281 -0.08980037 -0.1551901  -0.51423175]
 [ 0.38945482 -0.31869794 -0.62853411  0.03447636 -0.59204124]
 [ 0.04505877 -0.62474167  0.68291418  0.13379448 -0.35127598]
 [-0.19919731  0.0170389  -0.13210412  0.96922062  0.05648008]] *

Labels:
['Num. Asteroids' 'Trail Length' 'Ship Momentum' 'Missile TTTL*' 'Trail Momentum']

Basis:
                  *
[[ 1.,  0.,  0.,  0.,  0.],
 [ 0.,  1.,  0.,  0.,  0.],
 [ 0.,  0.,  1.,  0.,  0.],
 [ 0.,  0.,  0.,  1.,  0.],
 [ 0.,  0.,  0.,  0.,  1.]]

* corresponding eigenvector-parameter.
